,stationTriplet,date,year,month,value,average,median
0,336:NV:SNTL,1980-10-01,1980,10,0.0,0.0,0.0
1,336:NV:SNTL,1980-10-02,1980,10,0.0,0.0,0.0
2,336:NV:SNTL,1980-10-03,1980,10,0.0,0.0,0.0
3,336:NV:SNTL,1980-10-04,1980,10,0.0,0.0,0.0
4,336:NV:SNTL,1980-10-05,1980,10,0.0,0.0,0.0
5,336:NV:SNTL,1980-10-06,1980,10,0.0,0.0,0.0
6,336:NV:SNTL,1980-10-07,1980,10,0.0,0.0,0.0
7,336:NV:SNTL,1980-10-08,1980,10,0.0,0.0,0.0
8,336:NV:SNTL,1980-10-09,1980,10,0.0,0.0,0.0
9,336:NV:SNTL,1980-10-10,1980,10,0.0,0.0,0.0
10,336:NV:SNTL,1980-10-11,1980,10,0.0,0.0,0.0
11,336:NV:SNTL,1980-10-12,1980,10,0.0,0.0,0.0
12,336:NV:SNTL,1980-10-13,1980,10,0.0,0.0,0.0
13,336:NV:SNTL,1980-10-14,1980,10,0.0,0.0,0.0
14,336:NV:SNTL,1980-10-15,1980,10,0.0,0.0,0.0
15,336:NV:SNTL,1980-10-16,1980,10,0.0,0.0,0.0
16,336:NV:SNTL,1980-10-17,1980,10,0.0,0.0,0.0
17,336:NV:SNTL,1980-10-18,1980,10,0.0,0.0,0.0
18,336:NV:SNTL,1980-10-19,1980,10,0.0,0.0,0.0
19,336:NV:SNTL,1980-10-20,1980,10,0.0,0.0,0.0
20,336:NV:SNTL,1980-10-21,1980,10,0.0,0.0,0.0
21,336:NV:SNTL,1980-10-22,1980,10,0.0,0.0,0.0
22,336:NV:SNTL,1980-10-23,1980,10,0.0,0.0,0.0
23,336:NV:SNTL,1980-10-24,1980,10,0.0,0.0,0.0
24,336:NV:SNTL,1980-10-25,1980,10,0.0,0.0,0.0
25,336:NV:SNTL,1980-10-26,1980,10,0.0,0.0,0.0
26,336:NV:SNTL,1980-10-27,1980,10,0.0,0.1,0.0
27,336:NV:SNTL,1980-10-28,1980,10,0.0,0.1,0.0
28,336:NV:SNTL,1980-10-29,1980,10,0.0,0.1,0.0
29,336:NV:SNTL,1980-10-30,1980,10,0.0,0.1,0.0
30,336:NV:SNTL,1980-10-31,1980,10,0.0,0.1,0.0
365,336:NV:SNTL,1981-10-01,1981,10,0.0,0.0,0.0
366,336:NV:SNTL,1981-10-02,1981,10,0.0,0.0,0.0
367,336:NV:SNTL,1981-10-03,1981,10,0.0,0.0,0.0
368,336:NV:SNTL,1981-10-04,1981,10,0.0,0.0,0.0
369,336:NV:SNTL,1981-10-05,1981,10,0.0,0.0,0.0
370,336:NV:SNTL,1981-10-06,1981,10,0.0,0.0,0.0
371,336:NV:SNTL,1981-10-07,1981,10,0.0,0.0,0.0
372,336:NV:SNTL,1981-10-08,1981,10,0.0,0.0,0.0
373,336:NV:SNTL,1981-10-09,1981,10,0.0,0.0,0.0
374,336:NV:SNTL,1981-10-10,1981,10,0.0,0.0,0.0
375,336:NV:SNTL,1981-10-11,1981,10,0.0,0.0,0.0
376,336:NV:SNTL,1981-10-12,1981,10,0.0,0.0,0.0
377,336:NV:SNTL,1981-10-13,1981,10,0.0,0.0,0.0
378,336:NV:SNTL,1981-10-14,1981,10,0.0,0.0,0.0
379,336:NV:SNTL,1981-10-15,1981,10,0.0,0.0,0.0
380,336:NV:SNTL,1981-10-16,1981,10,0.0,0.0,0.0
381,336:NV:SNTL,1981-10-17,1981,10,0.0,0.0,0.0
382,336:NV:SNTL,1981-10-18,1981,10,0.0,0.0,0.0
383,336:NV:SNTL,1981-10-19,1981,10,0.0,0.0,0.0
384,336:NV:SNTL,1981-10-20,1981,10,0.0,0.0,0.0
385,336:NV:SNTL,1981-10-21,1981,10,0.0,0.0,0.0
386,336:NV:SNTL,1981-10-22,1981,10,0.0,0.0,0.0
387,336:NV:SNTL,1981-10-23,1981,10,0.0,0.0,0.0
388,336:NV:SNTL,1981-10-24,1981,10,0.0,0.0,0.0
389,336:NV:SNTL,1981-10-25,1981,10,0.0,0.0,0.0
390,336:NV:SNTL,1981-10-26,1981,10,0.0,0.0,0.0
391,336:NV:SNTL,1981-10-27,1981,10,0.0,0.1,0.0
392,336:NV:SNTL,1981-10-28,1981,10,0.3,0.1,0.0
393,336:NV:SNTL,1981-10-29,1981,10,0.3,0.1,0.0
394,336:NV:SNTL,1981-10-30,1981,10,0.3,0.1,0.0
395,336:NV:SNTL,1981-10-31,1981,10,0.3,0.1,0.0
730,336:NV:SNTL,1982-10-01,1982,10,0.3,0.0,0.0
731,336:NV:SNTL,1982-10-02,1982,10,0.2,0.0,0.0
732,336:NV:SNTL,1982-10-03,1982,10,0.0,0.0,0.0
733,336:NV:SNTL,1982-10-04,1982,10,0.0,0.0,0.0
734,336:NV:SNTL,1982-10-05,1982,10,0.0,0.0,0.0
735,336:NV:SNTL,1982-10-06,1982,10,0.1,0.0,0.0
736,336:NV:SNTL,1982-10-07,1982,10,0.1,0.0,0.0
737,336:NV:SNTL,1982-10-08,1982,10,0.0,0.0,0.0
738,336:NV:SNTL,1982-10-09,1982,10,0.0,0.0,0.0
739,336:NV:SNTL,1982-10-10,1982,10,0.0,0.0,0.0
740,336:NV:SNTL,1982-10-11,1982,10,0.0,0.0,0.0
741,336:NV:SNTL,1982-10-12,1982,10,0.0,0.0,0.0
742,336:NV:SNTL,1982-10-13,1982,10,0.0,0.0,0.0
743,336:NV:SNTL,1982-10-14,1982,10,0.0,0.0,0.0
744,336:NV:SNTL,1982-10-15,1982,10,0.0,0.0,0.0
745,336:NV:SNTL,1982-10-16,1982,10,0.0,0.0,0.0
746,336:NV:SNTL,1982-10-17,1982,10,0.0,0.0,0.0
747,336:NV:SNTL,1982-10-18,1982,10,0.0,0.0,0.0
748,336:NV:SNTL,1982-10-19,1982,10,0.0,0.0,0.0
749,336:NV:SNTL,1982-10-20,1982,10,0.0,0.0,0.0
750,336:NV:SNTL,1982-10-21,1982,10,0.0,0.0,0.0
751,336:NV:SNTL,1982-10-22,1982,10,0.0,0.0,0.0
752,336:NV:SNTL,1982-10-23,1982,10,0.0,0.0,0.0
753,336:NV:SNTL,1982-10-24,1982,10,0.0,0.0,0.0
754,336:NV:SNTL,1982-10-25,1982,10,0.0,0.0,0.0
755,336:NV:SNTL,1982-10-26,1982,10,0.3,0.0,0.0
756,336:NV:SNTL,1982-10-27,1982,10,0.3,0.1,0.0
757,336:NV:SNTL,1982-10-28,1982,10,0.4,0.1,0.0
758,336:NV:SNTL,1982-10-29,1982,10,1.1,0.1,0.0
759,336:NV:SNTL,1982-10-30,1982,10,1.1,0.1,0.0
760,336:NV:SNTL,1982-10-31,1982,10,1.1,0.1,0.0
1095,336:NV:SNTL,1983-10-01,1983,10,0.0,0.0,0.0
1096,336:NV:SNTL,1983-10-02,1983,10,0.0,0.0,0.0
1097,336:NV:SNTL,1983-10-03,1983,10,0.0,0.0,0.0
1098,336:NV:SNTL,1983-10-04,1983,10,0.0,0.0,0.0
1099,336:NV:SNTL,1983-10-05,1983,10,0.0,0.0,0.0
1100,336:NV:SNTL,1983-10-06,1983,10,0.0,0.0,0.0
1101,336:NV:SNTL,1983-10-07,1983,10,0.0,0.0,0.0
1102,336:NV:SNTL,1983-10-08,1983,10,0.0,0.0,0.0
1103,336:NV:SNTL,1983-10-09,1983,10,0.0,0.0,0.0
1104,336:NV:SNTL,1983-10-10,1983,10,0.0,0.0,0.0
1105,336:NV:SNTL,1983-10-11,1983,10,0.0,0.0,0.0
1106,336:NV:SNTL,1983-10-12,1983,10,0.0,0.0,0.0
1107,336:NV:SNTL,1983-10-13,1983,10,0.0,0.0,0.0
1108,336:NV:SNTL,1983-10-14,1983,10,0.0,0.0,0.0
1109,336:NV:SNTL,1983-10-15,1983,10,0.0,0.0,0.0
1110,336:NV:SNTL,1983-10-16,1983,10,0.0,0.0,0.0
1111,336:NV:SNTL,1983-10-17,1983,10,0.0,0.0,0.0
1112,336:NV:SNTL,1983-10-18,1983,10,0.0,0.0,0.0
1113,336:NV:SNTL,1983-10-19,1983,10,0.0,0.0,0.0
1114,336:NV:SNTL,1983-10-20,1983,10,0.0,0.0,0.0
1115,336:NV:SNTL,1983-10-21,1983,10,0.0,0.0,0.0
1116,336:NV:SNTL,1983-10-22,1983,10,0.0,0.0,0.0
1117,336:NV:SNTL,1983-10-23,1983,10,0.0,0.0,0.0
1118,336:NV:SNTL,1983-10-24,1983,10,0.0,0.0,0.0
1119,336:NV:SNTL,1983-10-25,1983,10,0.0,0.0,0.0
1120,336:NV:SNTL,1983-10-26,1983,10,0.0,0.0,0.0
1121,336:NV:SNTL,1983-10-27,1983,10,0.0,0.1,0.0
1122,336:NV:SNTL,1983-10-28,1983,10,0.0,0.1,0.0
1123,336:NV:SNTL,1983-10-29,1983,10,0.0,0.1,0.0
1124,336:NV:SNTL,1983-10-30,1983,10,0.0,0.1,0.0
1125,336:NV:SNTL,1983-10-31,1983,10,0.0,0.1,0.0
19579,548:NV:SNTL,1980-10-01,1980,10,0.0,0.0,0.0
19580,548:NV:SNTL,1980-10-02,1980,10,0.0,0.0,0.0
19581,548:NV:SNTL,1980-10-03,1980,10,0.0,0.0,0.0
19582,548:NV:SNTL,1980-10-04,1980,10,0.0,0.0,0.0
19583,548:NV:SNTL,1980-10-05,1980,10,0.0,0.0,0.0
19584,548:NV:SNTL,1980-10-06,1980,10,0.0,0.0,0.0
19585,548:NV:SNTL,1980-10-07,1980,10,0.0,0.0,0.0
19586,548:NV:SNTL,1980-10-08,1980,10,0.0,0.0,0.0
19587,548:NV:SNTL,1980-10-09,1980,10,0.0,0.1,0.0
19588,548:NV:SNTL,1980-10-10,1980,10,0.0,0.1,0.0
19589,548:NV:SNTL,1980-10-11,1980,10,0.0,0.1,0.0
19590,548:NV:SNTL,1980-10-12,1980,10,0.0,0.1,0.0
19591,548:NV:SNTL,1980-10-13,1980,10,0.3,0.1,0.0
19592,548:NV:SNTL,1980-10-14,1980,10,0.3,0.1,0.0
19593,548:NV:SNTL,1980-10-15,1980,10,0.6,0.1,0.0
19594,548:NV:SNTL,1980-10-16,1980,10,0.7,0.1,0.0
19595,548:NV:SNTL,1980-10-17,1980,10,0.7,0.1,0.0
19596,548:NV:SNTL,1980-10-18,1980,10,0.7,0.1,0.0
19597,548:NV:SNTL,1980-10-19,1980,10,0.7,0.1,0.0
19598,548:NV:SNTL,1980-10-20,1980,10,0.8,0.1,0.0
19599,548:NV:SNTL,1980-10-21,1980,10,0.8,0.1,0.0
19600,548:NV:SNTL,1980-10-22,1980,10,0.8,0.1,0.0
19601,548:NV:SNTL,1980-10-23,1980,10,0.8,0.1,0.0
19602,548:NV:SNTL,1980-10-24,1980,10,0.6,0.1,0.0
19603,548:NV:SNTL,1980-10-25,1980,10,0.4,0.2,0.0
19604,548:NV:SNTL,1980-10-26,1980,10,0.4,0.2,0.0
19605,548:NV:SNTL,1980-10-27,1980,10,0.4,0.2,0.0
19606,548:NV:SNTL,1980-10-28,1980,10,0.4,0.2,0.0
19607,548:NV:SNTL,1980-10-29,1980,10,0.4,0.3,0.0
19608,548:NV:SNTL,1980-10-30,1980,10,0.4,0.3,0.0
19609,548:NV:SNTL,1980-10-31,1980,10,0.4,0.3,0.0
19944,548:NV:SNTL,1981-10-01,1981,10,0.0,0.0,0.0
19945,548:NV:SNTL,1981-10-02,1981,10,0.0,0.0,0.0
19946,548:NV:SNTL,1981-10-03,1981,10,0.0,0.0,0.0
19947,548:NV:SNTL,1981-10-04,1981,10,0.0,0.0,0.0
19948,548:NV:SNTL,1981-10-05,1981,10,0.0,0.0,0.0
19949,548:NV:SNTL,1981-10-06,1981,10,0.0,0.0,0.0
19950,548:NV:SNTL,1981-10-07,1981,10,0.2,0.0,0.0
19951,548:NV:SNTL,1981-10-08,1981,10,0.2,0.0,0.0
19952,548:NV:SNTL,1981-10-09,1981,10,0.2,0.1,0.0
19953,548:NV:SNTL,1981-10-10,1981,10,0.6,0.1,0.0
19954,548:NV:SNTL,1981-10-11,1981,10,0.9,0.1,0.0
19955,548:NV:SNTL,1981-10-12,1981,10,1.0,0.1,0.0
19956,548:NV:SNTL,1981-10-13,1981,10,1.0,0.1,0.0
19957,548:NV:SNTL,1981-10-14,1981,10,1.0,0.1,0.0
19958,548:NV:SNTL,1981-10-15,1981,10,1.0,0.1,0.0
19959,548:NV:SNTL,1981-10-16,1981,10,1.0,0.1,0.0
19960,548:NV:SNTL,1981-10-17,1981,10,1.0,0.1,0.0
19961,548:NV:SNTL,1981-10-18,1981,10,1.0,0.1,0.0
19962,548:NV:SNTL,1981-10-19,1981,10,0.9,0.1,0.0
19963,548:NV:SNTL,1981-10-20,1981,10,0.8,0.1,0.0
19964,548:NV:SNTL,1981-10-21,1981,10,0.3,0.1,0.0
19965,548:NV:SNTL,1981-10-22,1981,10,0.0,0.1,0.0
19966,548:NV:SNTL,1981-10-23,1981,10,0.0,0.1,0.0
19967,548:NV:SNTL,1981-10-24,1981,10,0.0,0.1,0.0
19968,548:NV:SNTL,1981-10-25,1981,10,0.0,0.2,0.0
19969,548:NV:SNTL,1981-10-26,1981,10,0.0,0.2,0.0
19970,548:NV:SNTL,1981-10-27,1981,10,0.0,0.2,0.0
19971,548:NV:SNTL,1981-10-28,1981,10,0.6,0.2,0.0
19972,548:NV:SNTL,1981-10-29,1981,10,1.0,0.3,0.0
19973,548:NV:SNTL,1981-10-30,1981,10,1.1,0.3,0.0
19974,548:NV:SNTL,1981-10-31,1981,10,1.1,0.3,0.0
20309,548:NV:SNTL,1982-10-01,1982,10,0.0,0.0,0.0
20310,548:NV:SNTL,1982-10-02,1982,10,0.0,0.0,0.0
20311,548:NV:SNTL,1982-10-03,1982,10,0.0,0.0,0.0
20312,548:NV:SNTL,1982-10-04,1982,10,0.0,0.0,0.0
20313,548:NV:SNTL,1982-10-05,1982,10,0.0,0.0,0.0
20314,548:NV:SNTL,1982-10-06,1982,10,0.0,0.0,0.0
20315,548:NV:SNTL,1982-10-07,1982,10,0.0,0.0,0.0
20316,548:NV:SNTL,1982-10-08,1982,10,0.0,0.0,0.0
20317,548:NV:SNTL,1982-10-09,1982,10,0.0,0.1,0.0
20318,548:NV:SNTL,1982-10-10,1982,10,0.0,0.1,0.0
20319,548:NV:SNTL,1982-10-11,1982,10,0.0,0.1,0.0
20320,548:NV:SNTL,1982-10-12,1982,10,0.0,0.1,0.0
20321,548:NV:SNTL,1982-10-13,1982,10,0.0,0.1,0.0
20322,548:NV:SNTL,1982-10-14,1982,10,0.0,0.1,0.0
20323,548:NV:SNTL,1982-10-15,1982,10,0.0,0.1,0.0
20324,548:NV:SNTL,1982-10-16,1982,10,0.0,0.1,0.0
20325,548:NV:SNTL,1982-10-17,1982,10,0.0,0.1,0.0
20326,548:NV:SNTL,1982-10-18,1982,10,0.0,0.1,0.0
20327,548:NV:SNTL,1982-10-19,1982,10,0.0,0.1,0.0
20328,548:NV:SNTL,1982-10-20,1982,10,0.0,0.1,0.0
20329,548:NV:SNTL,1982-10-21,1982,10,0.0,0.1,0.0
20330,548:NV:SNTL,1982-10-22,1982,10,0.0,0.1,0.0
20331,548:NV:SNTL,1982-10-23,1982,10,0.0,0.1,0.0
20332,548:NV:SNTL,1982-10-24,1982,10,0.0,0.1,0.0
20333,548:NV:SNTL,1982-10-25,1982,10,0.7,0.2,0.0
20334,548:NV:SNTL,1982-10-26,1982,10,1.0,0.2,0.0
20335,548:NV:SNTL,1982-10-27,1982,10,1.0,0.2,0.0
20336,548:NV:SNTL,1982-10-28,1982,10,1.1,0.2,0.0
20337,548:NV:SNTL,1982-10-29,1982,10,2.4,0.3,0.0
20338,548:NV:SNTL,1982-10-30,1982,10,2.5,0.3,0.0
20339,548:NV:SNTL,1982-10-31,1982,10,2.7,0.3,0.0
20674,548:NV:SNTL,1983-10-01,1983,10,0.0,0.0,0.0
20675,548:NV:SNTL,1983-10-02,1983,10,0.0,0.0,0.0
20676,548:NV:SNTL,1983-10-03,1983,10,0.0,0.0,0.0
20677,548:NV:SNTL,1983-10-04,1983,10,0.0,0.0,0.0
20678,548:NV:SNTL,1983-10-05,1983,10,0.0,0.0,0.0
20679,548:NV:SNTL,1983-10-06,1983,10,0.0,0.0,0.0
20680,548:NV:SNTL,1983-10-07,1983,10,0.0,0.0,0.0
20681,548:NV:SNTL,1983-10-08,1983,10,0.0,0.0,0.0
20682,548:NV:SNTL,1983-10-09,1983,10,0.0,0.1,0.0
20683,548:NV:SNTL,1983-10-10,1983,10,0.0,0.1,0.0
20684,548:NV:SNTL,1983-10-11,1983,10,0.0,0.1,0.0
20685,548:NV:SNTL,1983-10-12,1983,10,0.0,0.1,0.0
20686,548:NV:SNTL,1983-10-13,1983,10,0.3,0.1,0.0
20687,548:NV:SNTL,1983-10-14,1983,10,0.5,0.1,0.0
20688,548:NV:SNTL,1983-10-15,1983,10,0.5,0.1,0.0
20689,548:NV:SNTL,1983-10-16,1983,10,0.6,0.1,0.0
20690,548:NV:SNTL,1983-10-17,1983,10,0.6,0.1,0.0
20691,548:NV:SNTL,1983-10-18,1983,10,0.6,0.1,0.0
20692,548:NV:SNTL,1983-10-19,1983,10,0.6,0.1,0.0
20693,548:NV:SNTL,1983-10-20,1983,10,0.1,0.1,0.0
20694,548:NV:SNTL,1983-10-21,1983,10,0.0,0.1,0.0
20695,548:NV:SNTL,1983-10-22,1983,10,0.0,0.1,0.0
20696,548:NV:SNTL,1983-10-23,1983,10,0.0,0.1,0.0
20697,548:NV:SNTL,1983-10-24,1983,10,0.0,0.1,0.0
20698,548:NV:SNTL,1983-10-25,1983,10,0.0,0.2,0.0
20699,548:NV:SNTL,1983-10-26,1983,10,0.0,0.2,0.0
20700,548:NV:SNTL,1983-10-27,1983,10,0.0,0.2,0.0
20701,548:NV:SNTL,1983-10-28,1983,10,0.0,0.2,0.0
20702,548:NV:SNTL,1983-10-29,1983,10,0.0,0.3,0.0
20703,548:NV:SNTL,1983-10-30,1983,10,0.0,0.3,0.0
20704,548:NV:SNTL,1983-10-31,1983,10,0.0,0.3,0.0
35583,573:NV:SNTL,1981-10-01,1981,10,0.0,0.0,0.0
35584,573:NV:SNTL,1981-10-02,1981,10,0.0,0.0,0.0
35585,573:NV:SNTL,1981-10-03,1981,10,0.0,0.0,0.0
35586,573:NV:SNTL,1981-10-04,1981,10,0.0,0.0,0.0
35587,573:NV:SNTL,1981-10-05,1981,10,0.0,0.0,0.0
35588,573:NV:SNTL,1981-10-06,1981,10,0.0,0.0,0.0
35589,573:NV:SNTL,1981-10-07,1981,10,0.0,0.0,0.0
35590,573:NV:SNTL,1981-10-08,1981,10,0.0,0.0,0.0
35591,573:NV:SNTL,1981-10-09,1981,10,0.0,0.0,0.0
35592,573:NV:SNTL,1981-10-10,1981,10,0.0,0.0,0.0
35593,573:NV:SNTL,1981-10-11,1981,10,0.0,0.0,0.0
35594,573:NV:SNTL,1981-10-12,1981,10,0.0,0.0,0.0
35595,573:NV:SNTL,1981-10-13,1981,10,0.0,0.0,0.0
35596,573:NV:SNTL,1981-10-14,1981,10,0.0,0.0,0.0
35597,573:NV:SNTL,1981-10-15,1981,10,0.0,0.0,0.0
35598,573:NV:SNTL,1981-10-16,1981,10,0.0,0.0,0.0
35599,573:NV:SNTL,1981-10-17,1981,10,0.0,0.0,0.0
35600,573:NV:SNTL,1981-10-18,1981,10,0.0,0.0,0.0
35601,573:NV:SNTL,1981-10-19,1981,10,0.0,0.0,0.0
35602,573:NV:SNTL,1981-10-20,1981,10,0.0,0.0,0.0
35603,573:NV:SNTL,1981-10-21,1981,10,0.0,0.0,0.0
35604,573:NV:SNTL,1981-10-22,1981,10,0.0,0.0,0.0
35605,573:NV:SNTL,1981-10-23,1981,10,0.0,0.0,0.0
35606,573:NV:SNTL,1981-10-24,1981,10,0.0,0.0,0.0
35607,573:NV:SNTL,1981-10-25,1981,10,0.0,0.0,0.0
35608,573:NV:SNTL,1981-10-26,1981,10,0.0,0.1,0.0
35609,573:NV:SNTL,1981-10-27,1981,10,0.0,0.1,0.0
35610,573:NV:SNTL,1981-10-28,1981,10,0.2,0.1,0.0
35611,573:NV:SNTL,1981-10-29,1981,10,0.7,0.1,0.0
35612,573:NV:SNTL,1981-10-30,1981,10,0.8,0.1,0.0
35613,573:NV:SNTL,1981-10-31,1981,10,0.8,0.1,0.0
35948,573:NV:SNTL,1982-10-01,1982,10,0.0,0.0,0.0
35949,573:NV:SNTL,1982-10-02,1982,10,0.0,0.0,0.0
35950,573:NV:SNTL,1982-10-03,1982,10,0.0,0.0,0.0
35951,573:NV:SNTL,1982-10-04,1982,10,0.1,0.0,0.0
35952,573:NV:SNTL,1982-10-05,1982,10,0.1,0.0,0.0
35953,573:NV:SNTL,1982-10-06,1982,10,0.1,0.0,0.0
35954,573:NV:SNTL,1982-10-07,1982,10,0.1,0.0,0.0
35955,573:NV:SNTL,1982-10-08,1982,10,0.0,0.0,0.0
35956,573:NV:SNTL,1982-10-09,1982,10,0.0,0.0,0.0
35957,573:NV:SNTL,1982-10-10,1982,10,0.0,0.0,0.0
35958,573:NV:SNTL,1982-10-11,1982,10,0.0,0.0,0.0
35959,573:NV:SNTL,1982-10-12,1982,10,0.0,0.0,0.0
35960,573:NV:SNTL,1982-10-13,1982,10,0.0,0.0,0.0
35961,573:NV:SNTL,1982-10-14,1982,10,0.0,0.0,0.0
35962,573:NV:SNTL,1982-10-15,1982,10,0.0,0.0,0.0
35963,573:NV:SNTL,1982-10-16,1982,10,0.0,0.0,0.0
35964,573:NV:SNTL,1982-10-17,1982,10,0.0,0.0,0.0
35965,573:NV:SNTL,1982-10-18,1982,10,0.0,0.0,0.0
35966,573:NV:SNTL,1982-10-19,1982,10,0.0,0.0,0.0
35967,573:NV:SNTL,1982-10-20,1982,10,0.0,0.0,0.0
35968,573:NV:SNTL,1982-10-21,1982,10,0.0,0.0,0.0
35969,573:NV:SNTL,1982-10-22,1982,10,0.0,0.0,0.0
35970,573:NV:SNTL,1982-10-23,1982,10,0.0,0.0,0.0
35971,573:NV:SNTL,1982-10-24,1982,10,0.0,0.0,0.0
35972,573:NV:SNTL,1982-10-25,1982,10,0.1,0.0,0.0
35973,573:NV:SNTL,1982-10-26,1982,10,0.2,0.1,0.0
35974,573:NV:SNTL,1982-10-27,1982,10,0.2,0.1,0.0
35975,573:NV:SNTL,1982-10-28,1982,10,0.4,0.1,0.0
35976,573:NV:SNTL,1982-10-29,1982,10,1.0,0.1,0.0
35977,573:NV:SNTL,1982-10-30,1982,10,1.0,0.1,0.0
35978,573:NV:SNTL,1982-10-31,1982,10,1.0,0.1,0.0
36313,573:NV:SNTL,1983-10-01,1983,10,0.0,0.0,0.0
36314,573:NV:SNTL,1983-10-02,1983,10,0.0,0.0,0.0
36315,573:NV:SNTL,1983-10-03,1983,10,0.0,0.0,0.0
36316,573:NV:SNTL,1983-10-04,1983,10,0.0,0.0,0.0
36317,573:NV:SNTL,1983-10-05,1983,10,0.0,0.0,0.0
36318,573:NV:SNTL,1983-10-06,1983,10,0.0,0.0,0.0
36319,573:NV:SNTL,1983-10-07,1983,10,0.0,0.0,0.0
36320,573:NV:SNTL,1983-10-08,1983,10,0.0,0.0,0.0
36321,573:NV:SNTL,1983-10-09,1983,10,0.0,0.0,0.0
36322,573:NV:SNTL,1983-10-10,1983,10,0.0,0.0,0.0
36323,573:NV:SNTL,1983-10-11,1983,10,0.0,0.0,0.0
36324,573:NV:SNTL,1983-10-12,1983,10,0.0,0.0,0.0
36325,573:NV:SNTL,1983-10-13,1983,10,0.0,0.0,0.0
36326,573:NV:SNTL,1983-10-14,1983,10,0.0,0.0,0.0
36327,573:NV:SNTL,1983-10-15,1983,10,0.0,0.0,0.0
36328,573:NV:SNTL,1983-10-16,1983,10,0.0,0.0,0.0
36329,573:NV:SNTL,1983-10-17,1983,10,0.0,0.0,0.0
36330,573:NV:SNTL,1983-10-18,1983,10,0.0,0.0,0.0
36331,573:NV:SNTL,1983-10-19,1983,10,0.0,0.0,0.0
36332,573:NV:SNTL,1983-10-20,1983,10,0.0,0.0,0.0
36333,573:NV:SNTL,1983-10-21,1983,10,0.0,0.0,0.0
36334,573:NV:SNTL,1983-10-22,1983,10,0.0,0.0,0.0
36335,573:NV:SNTL,1983-10-23,1983,10,0.0,0.0,0.0
36336,573:NV:SNTL,1983-10-24,1983,10,0.0,0.0,0.0
36337,573:NV:SNTL,1983-10-25,1983,10,0.0,0.0,0.0
36338,573:NV:SNTL,1983-10-26,1983,10,0.0,0.1,0.0
36339,573:NV:SNTL,1983-10-27,1983,10,0.0,0.1,0.0
36340,573:NV:SNTL,1983-10-28,1983,10,0.0,0.1,0.0
36341,573:NV:SNTL,1983-10-29,1983,10,0.0,0.1,0.0
36342,573:NV:SNTL,1983-10-30,1983,10,0.0,0.1,0.0
36343,573:NV:SNTL,1983-10-31,1983,10,0.0,0.1,0.0
51220,654:ID:SNTL,1980-10-01,1980,10,0.0,0.0,0.0
51221,654:ID:SNTL,1980-10-02,1980,10,0.0,0.0,0.0
51222,654:ID:SNTL,1980-10-03,1980,10,0.0,0.0,0.0
51223,654:ID:SNTL,1980-10-04,1980,10,0.0,0.0,0.0
51224,654:ID:SNTL,1980-10-05,1980,10,0.0,0.0,0.0
51225,654:ID:SNTL,1980-10-06,1980,10,0.0,0.0,0.0
51226,654:ID:SNTL,1980-10-07,1980,10,0.0,0.0,0.0
51227,654:ID:SNTL,1980-10-08,1980,10,0.0,0.0,0.0
51228,654:ID:SNTL,1980-10-09,1980,10,0.0,0.0,0.0
51229,654:ID:SNTL,1980-10-10,1980,10,0.0,0.0,0.0
51230,654:ID:SNTL,1980-10-11,1980,10,0.0,0.0,0.0
51231,654:ID:SNTL,1980-10-12,1980,10,0.0,0.0,0.0
51232,654:ID:SNTL,1980-10-13,1980,10,0.0,0.0,0.0
51233,654:ID:SNTL,1980-10-14,1980,10,0.0,0.0,0.0
51234,654:ID:SNTL,1980-10-15,1980,10,0.0,0.0,0.0
51235,654:ID:SNTL,1980-10-16,1980,10,0.0,0.0,0.0
51236,654:ID:SNTL,1980-10-17,1980,10,0.0,0.0,0.0
51237,654:ID:SNTL,1980-10-18,1980,10,0.0,0.0,0.0
51238,654:ID:SNTL,1980-10-19,1980,10,0.0,0.0,0.0
51239,654:ID:SNTL,1980-10-20,1980,10,0.0,0.0,0.0
51240,654:ID:SNTL,1980-10-21,1980,10,0.0,0.0,0.0
51241,654:ID:SNTL,1980-10-22,1980,10,0.0,0.0,0.0
51242,654:ID:SNTL,1980-10-23,1980,10,0.0,0.0,0.0
51243,654:ID:SNTL,1980-10-24,1980,10,0.0,0.0,0.0
51244,654:ID:SNTL,1980-10-25,1980,10,0.0,0.0,0.0
51245,654:ID:SNTL,1980-10-26,1980,10,0.0,0.0,0.0
51246,654:ID:SNTL,1980-10-27,1980,10,0.0,0.0,0.0
51247,654:ID:SNTL,1980-10-28,1980,10,0.0,0.0,0.0
51248,654:ID:SNTL,1980-10-29,1980,10,0.0,0.0,0.0
51249,654:ID:SNTL,1980-10-30,1980,10,0.0,0.0,0.0
51250,654:ID:SNTL,1980-10-31,1980,10,0.0,0.0,0.0
51585,654:ID:SNTL,1981-10-01,1981,10,0.0,0.0,0.0
51586,654:ID:SNTL,1981-10-02,1981,10,0.0,0.0,0.0
51587,654:ID:SNTL,1981-10-03,1981,10,0.0,0.0,0.0
51588,654:ID:SNTL,1981-10-04,1981,10,0.0,0.0,0.0
51589,654:ID:SNTL,1981-10-05,1981,10,0.0,0.0,0.0
51590,654:ID:SNTL,1981-10-06,1981,10,0.0,0.0,0.0
51591,654:ID:SNTL,1981-10-07,1981,10,0.0,0.0,0.0
51592,654:ID:SNTL,1981-10-08,1981,10,0.0,0.0,0.0
51593,654:ID:SNTL,1981-10-09,1981,10,0.0,0.0,0.0
51594,654:ID:SNTL,1981-10-10,1981,10,0.0,0.0,0.0
51595,654:ID:SNTL,1981-10-11,1981,10,0.0,0.0,0.0
51596,654:ID:SNTL,1981-10-12,1981,10,0.0,0.0,0.0
51597,654:ID:SNTL,1981-10-13,1981,10,0.0,0.0,0.0
51598,654:ID:SNTL,1981-10-14,1981,10,0.0,0.0,0.0
51599,654:ID:SNTL,1981-10-15,1981,10,0.0,0.0,0.0
51600,654:ID:SNTL,1981-10-16,1981,10,0.0,0.0,0.0
51601,654:ID:SNTL,1981-10-17,1981,10,0.0,0.0,0.0
51602,654:ID:SNTL,1981-10-18,1981,10,0.0,0.0,0.0
51603,654:ID:SNTL,1981-10-19,1981,10,0.0,0.0,0.0
51604,654:ID:SNTL,1981-10-20,1981,10,0.0,0.0,0.0
51605,654:ID:SNTL,1981-10-21,1981,10,0.0,0.0,0.0
51606,654:ID:SNTL,1981-10-22,1981,10,0.0,0.0,0.0
51607,654:ID:SNTL,1981-10-23,1981,10,0.0,0.0,0.0
51608,654:ID:SNTL,1981-10-24,1981,10,0.0,0.0,0.0
51609,654:ID:SNTL,1981-10-25,1981,10,0.0,0.0,0.0
51610,654:ID:SNTL,1981-10-26,1981,10,0.0,0.0,0.0
51611,654:ID:SNTL,1981-10-27,1981,10,0.0,0.0,0.0
51612,654:ID:SNTL,1981-10-28,1981,10,0.0,0.0,0.0
51613,654:ID:SNTL,1981-10-29,1981,10,0.0,0.0,0.0
51614,654:ID:SNTL,1981-10-30,1981,10,0.0,0.0,0.0
51615,654:ID:SNTL,1981-10-31,1981,10,0.0,0.0,0.0
51950,654:ID:SNTL,1982-10-01,1982,10,0.0,0.0,0.0
51951,654:ID:SNTL,1982-10-02,1982,10,0.0,0.0,0.0
51952,654:ID:SNTL,1982-10-03,1982,10,0.0,0.0,0.0
51953,654:ID:SNTL,1982-10-04,1982,10,0.0,0.0,0.0
51954,654:ID:SNTL,1982-10-05,1982,10,0.0,0.0,0.0
51955,654:ID:SNTL,1982-10-06,1982,10,0.0,0.0,0.0
51956,654:ID:SNTL,1982-10-07,1982,10,0.0,0.0,0.0
51957,654:ID:SNTL,1982-10-08,1982,10,0.0,0.0,0.0
51958,654:ID:SNTL,1982-10-09,1982,10,0.0,0.0,0.0
51959,654:ID:SNTL,1982-10-10,1982,10,0.0,0.0,0.0
51960,654:ID:SNTL,1982-10-11,1982,10,0.0,0.0,0.0
51961,654:ID:SNTL,1982-10-12,1982,10,0.0,0.0,0.0
51962,654:ID:SNTL,1982-10-13,1982,10,0.0,0.0,0.0
51963,654:ID:SNTL,1982-10-14,1982,10,0.0,0.0,0.0
51964,654:ID:SNTL,1982-10-15,1982,10,0.0,0.0,0.0
51965,654:ID:SNTL,1982-10-16,1982,10,0.0,0.0,0.0
51966,654:ID:SNTL,1982-10-17,1982,10,0.0,0.0,0.0
51967,654:ID:SNTL,1982-10-18,1982,10,0.0,0.0,0.0
51968,654:ID:SNTL,1982-10-19,1982,10,0.0,0.0,0.0
51969,654:ID:SNTL,1982-10-20,1982,10,0.0,0.0,0.0
51970,654:ID:SNTL,1982-10-21,1982,10,0.0,0.0,0.0
51971,654:ID:SNTL,1982-10-22,1982,10,0.0,0.0,0.0
51972,654:ID:SNTL,1982-10-23,1982,10,0.0,0.0,0.0
51973,654:ID:SNTL,1982-10-24,1982,10,0.0,0.0,0.0
51974,654:ID:SNTL,1982-10-25,1982,10,0.0,0.0,0.0
51975,654:ID:SNTL,1982-10-26,1982,10,0.0,0.0,0.0
51976,654:ID:SNTL,1982-10-27,1982,10,0.0,0.0,0.0
51977,654:ID:SNTL,1982-10-28,1982,10,0.0,0.0,0.0
51978,654:ID:SNTL,1982-10-29,1982,10,0.0,0.0,0.0
51979,654:ID:SNTL,1982-10-30,1982,10,0.0,0.0,0.0
51980,654:ID:SNTL,1982-10-31,1982,10,0.0,0.0,0.0
52289,654:ID:SNTL,1983-10-01,1983,10,0.0,0.0,0.0
52290,654:ID:SNTL,1983-10-02,1983,10,0.0,0.0,0.0
52291,654:ID:SNTL,1983-10-03,1983,10,0.0,0.0,0.0
52292,654:ID:SNTL,1983-10-04,1983,10,0.0,0.0,0.0
52293,654:ID:SNTL,1983-10-05,1983,10,0.0,0.0,0.0
52294,654:ID:SNTL,1983-10-06,1983,10,0.0,0.0,0.0
52295,654:ID:SNTL,1983-10-07,1983,10,0.0,0.0,0.0
52296,654:ID:SNTL,1983-10-08,1983,10,0.0,0.0,0.0
52297,654:ID:SNTL,1983-10-09,1983,10,0.0,0.0,0.0
52298,654:ID:SNTL,1983-10-10,1983,10,0.0,0.0,0.0
52299,654:ID:SNTL,1983-10-11,1983,10,0.0,0.0,0.0
52300,654:ID:SNTL,1983-10-12,1983,10,0.0,0.0,0.0
52301,654:ID:SNTL,1983-10-13,1983,10,0.0,0.0,0.0
52302,654:ID:SNTL,1983-10-14,1983,10,0.0,0.0,0.0
52303,654:ID:SNTL,1983-10-15,1983,10,0.0,0.0,0.0
52304,654:ID:SNTL,1983-10-16,1983,10,0.0,0.0,0.0
52305,654:ID:SNTL,1983-10-17,1983,10,0.0,0.0,0.0
52306,654:ID:SNTL,1983-10-18,1983,10,0.0,0.0,0.0
52307,654:ID:SNTL,1983-10-19,1983,10,0.0,0.0,0.0
52308,654:ID:SNTL,1983-10-20,1983,10,0.0,0.0,0.0
52309,654:ID:SNTL,1983-10-21,1983,10,0.0,0.0,0.0
52310,654:ID:SNTL,1983-10-22,1983,10,0.0,0.0,0.0
52311,654:ID:SNTL,1983-10-23,1983,10,0.0,0.0,0.0
52312,654:ID:SNTL,1983-10-24,1983,10,0.0,0.0,0.0
52313,654:ID:SNTL,1983-10-25,1983,10,0.0,0.0,0.0
52314,654:ID:SNTL,1983-10-26,1983,10,0.0,0.0,0.0
52315,654:ID:SNTL,1983-10-27,1983,10,0.0,0.0,0.0
52316,654:ID:SNTL,1983-10-28,1983,10,0.0,0.0,0.0
52317,654:ID:SNTL,1983-10-29,1983,10,0.0,0.0,0.0
52318,654:ID:SNTL,1983-10-30,1983,10,0.0,0.0,0.0
52319,654:ID:SNTL,1983-10-31,1983,10,0.0,0.0,0.0
67149,774:ID:SNTL,1981-10-01,1981,10,0.0,0.0,0.0
67150,774:ID:SNTL,1981-10-02,1981,10,0.0,0.0,0.0
67151,774:ID:SNTL,1981-10-03,1981,10,0.0,0.0,0.0
67152,774:ID:SNTL,1981-10-04,1981,10,0.0,0.0,0.0
67153,774:ID:SNTL,1981-10-05,1981,10,0.0,0.0,0.0
67154,774:ID:SNTL,1981-10-06,1981,10,0.0,0.1,0.0
67155,774:ID:SNTL,1981-10-07,1981,10,0.0,0.0,0.0
67156,774:ID:SNTL,1981-10-08,1981,10,0.0,0.0,0.0
67157,774:ID:SNTL,1981-10-09,1981,10,0.0,0.0,0.0
67158,774:ID:SNTL,1981-10-10,1981,10,0.1,0.0,0.0
67159,774:ID:SNTL,1981-10-11,1981,10,0.3,0.0,0.0
67160,774:ID:SNTL,1981-10-12,1981,10,0.5,0.0,0.0
67161,774:ID:SNTL,1981-10-13,1981,10,0.4,0.0,0.0
67162,774:ID:SNTL,1981-10-14,1981,10,0.3,0.0,0.0
67163,774:ID:SNTL,1981-10-15,1981,10,0.0,0.0,0.0
67164,774:ID:SNTL,1981-10-16,1981,10,0.0,0.0,0.0
67165,774:ID:SNTL,1981-10-17,1981,10,0.0,0.0,0.0
67166,774:ID:SNTL,1981-10-18,1981,10,0.0,0.0,0.0
67167,774:ID:SNTL,1981-10-19,1981,10,0.0,0.1,0.0
67168,774:ID:SNTL,1981-10-20,1981,10,0.0,0.1,0.0
67169,774:ID:SNTL,1981-10-21,1981,10,0.0,0.1,0.0
67170,774:ID:SNTL,1981-10-22,1981,10,0.0,0.1,0.0
67171,774:ID:SNTL,1981-10-23,1981,10,0.0,0.1,0.0
67172,774:ID:SNTL,1981-10-24,1981,10,0.0,0.1,0.0
67173,774:ID:SNTL,1981-10-25,1981,10,0.0,0.1,0.0
67174,774:ID:SNTL,1981-10-26,1981,10,0.0,0.2,0.0
67175,774:ID:SNTL,1981-10-27,1981,10,0.0,0.2,0.0
67176,774:ID:SNTL,1981-10-28,1981,10,0.2,0.2,0.0
67177,774:ID:SNTL,1981-10-29,1981,10,0.6,0.2,0.0
67178,774:ID:SNTL,1981-10-30,1981,10,0.6,0.2,0.0
67179,774:ID:SNTL,1981-10-31,1981,10,0.5,0.2,0.0
67514,774:ID:SNTL,1982-10-01,1982,10,0.0,0.0,0.0
67515,774:ID:SNTL,1982-10-02,1982,10,0.0,0.0,0.0
67516,774:ID:SNTL,1982-10-03,1982,10,0.0,0.0,0.0
67517,774:ID:SNTL,1982-10-04,1982,10,0.0,0.0,0.0
67518,774:ID:SNTL,1982-10-05,1982,10,0.0,0.0,0.0
67519,774:ID:SNTL,1982-10-06,1982,10,0.0,0.1,0.0
67520,774:ID:SNTL,1982-10-07,1982,10,0.0,0.0,0.0
67521,774:ID:SNTL,1982-10-08,1982,10,0.0,0.0,0.0
67522,774:ID:SNTL,1982-10-09,1982,10,0.0,0.0,0.0
67523,774:ID:SNTL,1982-10-10,1982,10,0.0,0.0,0.0
67524,774:ID:SNTL,1982-10-11,1982,10,0.0,0.0,0.0
67525,774:ID:SNTL,1982-10-12,1982,10,0.0,0.0,0.0
67526,774:ID:SNTL,1982-10-13,1982,10,0.0,0.0,0.0
67527,774:ID:SNTL,1982-10-14,1982,10,0.0,0.0,0.0
67528,774:ID:SNTL,1982-10-15,1982,10,0.0,0.0,0.0
67529,774:ID:SNTL,1982-10-16,1982,10,0.0,0.0,0.0
67530,774:ID:SNTL,1982-10-17,1982,10,0.0,0.0,0.0
67531,774:ID:SNTL,1982-10-18,1982,10,0.0,0.0,0.0
67532,774:ID:SNTL,1982-10-19,1982,10,0.0,0.1,0.0
67533,774:ID:SNTL,1982-10-20,1982,10,0.0,0.1,0.0
67534,774:ID:SNTL,1982-10-21,1982,10,0.0,0.1,0.0
67535,774:ID:SNTL,1982-10-22,1982,10,0.0,0.1,0.0
67536,774:ID:SNTL,1982-10-23,1982,10,0.0,0.1,0.0
67537,774:ID:SNTL,1982-10-24,1982,10,0.0,0.1,0.0
67538,774:ID:SNTL,1982-10-25,1982,10,0.1,0.1,0.0
67539,774:ID:SNTL,1982-10-26,1982,10,0.2,0.2,0.0
67540,774:ID:SNTL,1982-10-27,1982,10,0.3,0.2,0.0
67541,774:ID:SNTL,1982-10-28,1982,10,0.7,0.2,0.0
67542,774:ID:SNTL,1982-10-29,1982,10,1.3,0.2,0.0
67543,774:ID:SNTL,1982-10-30,1982,10,1.5,0.2,0.0
67544,774:ID:SNTL,1982-10-31,1982,10,1.5,0.2,0.0
67879,774:ID:SNTL,1983-10-01,1983,10,0.0,0.0,0.0
67880,774:ID:SNTL,1983-10-02,1983,10,0.0,0.0,0.0
67881,774:ID:SNTL,1983-10-03,1983,10,0.0,0.0,0.0
67882,774:ID:SNTL,1983-10-04,1983,10,0.0,0.0,0.0
67883,774:ID:SNTL,1983-10-05,1983,10,0.0,0.0,0.0
67884,774:ID:SNTL,1983-10-06,1983,10,0.0,0.1,0.0
67885,774:ID:SNTL,1983-10-07,1983,10,0.0,0.0,0.0
67886,774:ID:SNTL,1983-10-08,1983,10,0.0,0.0,0.0
67887,774:ID:SNTL,1983-10-09,1983,10,0.0,0.0,0.0
67888,774:ID:SNTL,1983-10-10,1983,10,0.0,0.0,0.0
67889,774:ID:SNTL,1983-10-11,1983,10,0.0,0.0,0.0
67890,774:ID:SNTL,1983-10-12,1983,10,0.0,0.0,0.0
67891,774:ID:SNTL,1983-10-13,1983,10,0.0,0.0,0.0
67892,774:ID:SNTL,1983-10-14,1983,10,0.0,0.0,0.0
67893,774:ID:SNTL,1983-10-15,1983,10,0.0,0.0,0.0
67894,774:ID:SNTL,1983-10-16,1983,10,0.0,0.0,0.0
67895,774:ID:SNTL,1983-10-17,1983,10,0.0,0.0,0.0
67896,774:ID:SNTL,1983-10-18,1983,10,0.0,0.0,0.0
67897,774:ID:SNTL,1983-10-19,1983,10,0.0,0.1,0.0
67898,774:ID:SNTL,1983-10-20,1983,10,0.0,0.1,0.0
67899,774:ID:SNTL,1983-10-21,1983,10,0.0,0.1,0.0
67900,774:ID:SNTL,1983-10-22,1983,10,0.0,0.1,0.0
67901,774:ID:SNTL,1983-10-23,1983,10,0.0,0.1,0.0
67902,774:ID:SNTL,1983-10-24,1983,10,0.0,0.1,0.0
67903,774:ID:SNTL,1983-10-25,1983,10,0.0,0.1,0.0
67904,774:ID:SNTL,1983-10-26,1983,10,0.0,0.2,0.0
67905,774:ID:SNTL,1983-10-27,1983,10,0.0,0.2,0.0
67906,774:ID:SNTL,1983-10-28,1983,10,0.0,0.2,0.0
67907,774:ID:SNTL,1983-10-29,1983,10,0.0,0.2,0.0
67908,774:ID:SNTL,1983-10-30,1983,10,0.0,0.2,0.0
67909,774:ID:SNTL,1983-10-31,1983,10,0.0,0.2,0.0
82784,811:NV:SNTL,1980-10-01,1980,10,0.0,0.0,0.0
82785,811:NV:SNTL,1980-10-02,1980,10,0.0,0.0,0.0
82786,811:NV:SNTL,1980-10-03,1980,10,0.0,0.0,0.0
82787,811:NV:SNTL,1980-10-04,1980,10,0.0,0.0,0.0
82788,811:NV:SNTL,1980-10-05,1980,10,0.0,0.0,0.0
82789,811:NV:SNTL,1980-10-06,1980,10,0.0,0.0,0.0
82790,811:NV:SNTL,1980-10-07,1980,10,0.0,0.0,0.0
82791,811:NV:SNTL,1980-10-08,1980,10,0.0,0.0,0.0
82792,811:NV:SNTL,1980-10-09,1980,10,0.0,0.0,0.0
82793,811:NV:SNTL,1980-10-10,1980,10,0.0,0.0,0.0
82794,811:NV:SNTL,1980-10-11,1980,10,0.0,0.0,0.0
82795,811:NV:SNTL,1980-10-12,1980,10,0.0,0.0,0.0
82796,811:NV:SNTL,1980-10-13,1980,10,0.0,0.0,0.0
82797,811:NV:SNTL,1980-10-14,1980,10,0.0,0.0,0.0
82798,811:NV:SNTL,1980-10-15,1980,10,0.0,0.0,0.0
82799,811:NV:SNTL,1980-10-16,1980,10,0.0,0.0,0.0
82800,811:NV:SNTL,1980-10-17,1980,10,0.0,0.0,0.0
82801,811:NV:SNTL,1980-10-18,1980,10,0.0,0.0,0.0
82802,811:NV:SNTL,1980-10-19,1980,10,0.0,0.0,0.0
82803,811:NV:SNTL,1980-10-20,1980,10,0.0,0.0,0.0
82804,811:NV:SNTL,1980-10-21,1980,10,0.0,0.0,0.0
82805,811:NV:SNTL,1980-10-22,1980,10,0.0,0.0,0.0
82806,811:NV:SNTL,1980-10-23,1980,10,0.0,0.0,0.0
82807,811:NV:SNTL,1980-10-24,1980,10,0.0,0.0,0.0
82808,811:NV:SNTL,1980-10-25,1980,10,0.0,0.0,0.0
82809,811:NV:SNTL,1980-10-26,1980,10,0.0,0.0,0.0
82810,811:NV:SNTL,1980-10-27,1980,10,0.0,0.0,0.0
82811,811:NV:SNTL,1980-10-28,1980,10,0.0,0.0,0.0
82812,811:NV:SNTL,1980-10-29,1980,10,0.0,0.0,0.0
82813,811:NV:SNTL,1980-10-30,1980,10,0.0,0.0,0.0
82814,811:NV:SNTL,1980-10-31,1980,10,0.0,0.0,0.0
83149,811:NV:SNTL,1981-10-01,1981,10,0.0,0.0,0.0
83150,811:NV:SNTL,1981-10-02,1981,10,0.0,0.0,0.0
83151,811:NV:SNTL,1981-10-03,1981,10,0.0,0.0,0.0
83152,811:NV:SNTL,1981-10-04,1981,10,0.0,0.0,0.0
83153,811:NV:SNTL,1981-10-05,1981,10,0.0,0.0,0.0
83154,811:NV:SNTL,1981-10-06,1981,10,0.0,0.0,0.0
83155,811:NV:SNTL,1981-10-07,1981,10,0.0,0.0,0.0
83156,811:NV:SNTL,1981-10-08,1981,10,0.0,0.0,0.0
83157,811:NV:SNTL,1981-10-09,1981,10,0.0,0.0,0.0
83158,811:NV:SNTL,1981-10-10,1981,10,0.0,0.0,0.0
83159,811:NV:SNTL,1981-10-11,1981,10,0.0,0.0,0.0
83160,811:NV:SNTL,1981-10-12,1981,10,0.0,0.0,0.0
83161,811:NV:SNTL,1981-10-13,1981,10,0.0,0.0,0.0
83162,811:NV:SNTL,1981-10-14,1981,10,0.0,0.0,0.0
83163,811:NV:SNTL,1981-10-15,1981,10,0.0,0.0,0.0
83164,811:NV:SNTL,1981-10-16,1981,10,0.0,0.0,0.0
83165,811:NV:SNTL,1981-10-17,1981,10,0.0,0.0,0.0
83166,811:NV:SNTL,1981-10-18,1981,10,0.0,0.0,0.0
83167,811:NV:SNTL,1981-10-19,1981,10,0.0,0.0,0.0
83168,811:NV:SNTL,1981-10-20,1981,10,0.0,0.0,0.0
83169,811:NV:SNTL,1981-10-21,1981,10,0.0,0.0,0.0
83170,811:NV:SNTL,1981-10-22,1981,10,0.0,0.0,0.0
83171,811:NV:SNTL,1981-10-23,1981,10,0.0,0.0,0.0
83172,811:NV:SNTL,1981-10-24,1981,10,0.0,0.0,0.0
83173,811:NV:SNTL,1981-10-25,1981,10,0.0,0.0,0.0
83174,811:NV:SNTL,1981-10-26,1981,10,0.0,0.0,0.0
83175,811:NV:SNTL,1981-10-27,1981,10,0.0,0.0,0.0
83176,811:NV:SNTL,1981-10-28,1981,10,0.0,0.0,0.0
83177,811:NV:SNTL,1981-10-29,1981,10,0.0,0.0,0.0
83178,811:NV:SNTL,1981-10-30,1981,10,0.0,0.0,0.0
83179,811:NV:SNTL,1981-10-31,1981,10,0.0,0.0,0.0
83514,811:NV:SNTL,1982-10-01,1982,10,0.0,0.0,0.0
83515,811:NV:SNTL,1982-10-02,1982,10,0.0,0.0,0.0
83516,811:NV:SNTL,1982-10-03,1982,10,0.0,0.0,0.0
83517,811:NV:SNTL,1982-10-04,1982,10,0.0,0.0,0.0
83518,811:NV:SNTL,1982-10-05,1982,10,0.2,0.0,0.0
83519,811:NV:SNTL,1982-10-06,1982,10,0.0,0.0,0.0
83520,811:NV:SNTL,1982-10-07,1982,10,0.0,0.0,0.0
83521,811:NV:SNTL,1982-10-08,1982,10,0.0,0.0,0.0
83522,811:NV:SNTL,1982-10-09,1982,10,0.0,0.0,0.0
83523,811:NV:SNTL,1982-10-10,1982,10,0.0,0.0,0.0
83524,811:NV:SNTL,1982-10-11,1982,10,0.0,0.0,0.0
83525,811:NV:SNTL,1982-10-12,1982,10,0.0,0.0,0.0
83526,811:NV:SNTL,1982-10-13,1982,10,0.0,0.0,0.0
83527,811:NV:SNTL,1982-10-14,1982,10,0.0,0.0,0.0
83528,811:NV:SNTL,1982-10-15,1982,10,0.0,0.0,0.0
83529,811:NV:SNTL,1982-10-16,1982,10,0.0,0.0,0.0
83530,811:NV:SNTL,1982-10-17,1982,10,0.0,0.0,0.0
83531,811:NV:SNTL,1982-10-18,1982,10,0.0,0.0,0.0
83532,811:NV:SNTL,1982-10-19,1982,10,0.0,0.0,0.0
83533,811:NV:SNTL,1982-10-20,1982,10,0.0,0.0,0.0
83534,811:NV:SNTL,1982-10-21,1982,10,0.0,0.0,0.0
83535,811:NV:SNTL,1982-10-22,1982,10,0.0,0.0,0.0
83536,811:NV:SNTL,1982-10-23,1982,10,0.0,0.0,0.0
83537,811:NV:SNTL,1982-10-24,1982,10,0.0,0.0,0.0
83538,811:NV:SNTL,1982-10-25,1982,10,0.0,0.0,0.0
83539,811:NV:SNTL,1982-10-26,1982,10,0.1,0.0,0.0
83540,811:NV:SNTL,1982-10-27,1982,10,0.3,0.0,0.0
83541,811:NV:SNTL,1982-10-28,1982,10,0.3,0.0,0.0
83542,811:NV:SNTL,1982-10-29,1982,10,0.3,0.0,0.0
83543,811:NV:SNTL,1982-10-30,1982,10,0.4,0.0,0.0
83544,811:NV:SNTL,1982-10-31,1982,10,0.5,0.0,0.0
83879,811:NV:SNTL,1983-10-01,1983,10,0.0,0.0,0.0
83880,811:NV:SNTL,1983-10-02,1983,10,0.0,0.0,0.0
83881,811:NV:SNTL,1983-10-03,1983,10,0.0,0.0,0.0
83882,811:NV:SNTL,1983-10-04,1983,10,0.0,0.0,0.0
83883,811:NV:SNTL,1983-10-05,1983,10,0.0,0.0,0.0
83884,811:NV:SNTL,1983-10-06,1983,10,0.0,0.0,0.0
83885,811:NV:SNTL,1983-10-07,1983,10,0.0,0.0,0.0
83886,811:NV:SNTL,1983-10-08,1983,10,0.0,0.0,0.0
83887,811:NV:SNTL,1983-10-09,1983,10,0.0,0.0,0.0
83888,811:NV:SNTL,1983-10-10,1983,10,0.0,0.0,0.0
83889,811:NV:SNTL,1983-10-11,1983,10,0.0,0.0,0.0
83890,811:NV:SNTL,1983-10-12,1983,10,0.0,0.0,0.0
83891,811:NV:SNTL,1983-10-13,1983,10,0.0,0.0,0.0
83892,811:NV:SNTL,1983-10-14,1983,10,0.0,0.0,0.0
83893,811:NV:SNTL,1983-10-15,1983,10,0.0,0.0,0.0
83894,811:NV:SNTL,1983-10-16,1983,10,0.0,0.0,0.0
83895,811:NV:SNTL,1983-10-17,1983,10,0.0,0.0,0.0
83896,811:NV:SNTL,1983-10-18,1983,10,0.0,0.0,0.0
83897,811:NV:SNTL,1983-10-19,1983,10,0.0,0.0,0.0
83898,811:NV:SNTL,1983-10-20,1983,10,0.0,0.0,0.0
83899,811:NV:SNTL,1983-10-21,1983,10,0.0,0.0,0.0
83900,811:NV:SNTL,1983-10-22,1983,10,0.0,0.0,0.0
83901,811:NV:SNTL,1983-10-23,1983,10,0.0,0.0,0.0
83902,811:NV:SNTL,1983-10-24,1983,10,0.0,0.0,0.0
83903,811:NV:SNTL,1983-10-25,1983,10,0.0,0.0,0.0
83904,811:NV:SNTL,1983-10-26,1983,10,0.0,0.0,0.0
83905,811:NV:SNTL,1983-10-27,1983,10,0.0,0.0,0.0
83906,811:NV:SNTL,1983-10-28,1983,10,0.0,0.0,0.0
83907,811:NV:SNTL,1983-10-29,1983,10,0.0,0.0,0.0
83908,811:NV:SNTL,1983-10-30,1983,10,0.0,0.0,0.0
83909,811:NV:SNTL,1983-10-31,1983,10,0.0,0.0,0.0
